Task A -- runtime benchmark

      digits             Naive DFT           Radix-2 FFT            Schoolbook  Arbitrary-length FFT                   NTT
--------------------------------------------------------------------------------------------------------------------------
         128              0.003974              0.000293              0.000127              0.001426              0.000801
         256              0.015884              0.000499              0.000121              0.002871              0.001609
         512              0.061478              0.001097              0.000262              0.006413              0.003609
        1024              0.249704              0.002316              0.000541              0.013745              0.007996
        2048              1.014383              0.004955              0.001222              0.029420              0.017066
        4096              4.027792              0.010724              0.002710              0.063042              0.036376
        8192                    --              0.022812              0.006441              0.133602              0.077198
       16384                    --              0.049916              0.017119              0.281403              0.162954
       32768                    --              0.100646              0.050019              0.599616              0.344228
       65536                    --              0.211738              0.164850              1.265284              0.724041
      131072                    --              0.445081              0.593773              2.682598              3.130705

plot: runtime_bigmul.png
